Webots Project File version R2020b
perspectives: 000000ff00000000fd00000003000000000000000000000000fc0100000001fb0000001a0044006f00630075006d0065006e0074006100740069006f006e0000000000ffffffff0000006900ffffff0000000100000348000002b6fc0200000001fb0000001400540065007800740045006400690074006f0072010000001f000002b60000008a00ffffff0000000300000780000000e5fc0100000001fb0000001a0043006f006e0073006f006c00650041006c006c0041006c006c0100000000000007800000006900ffffff00000436000002b600000001000000020000000100000008fc00000000
simulationViewPerspectives: 000000ff0000000100000002000001b0000005550100000002010000000100
sceneTreePerspectives: 000000ff0000000100000002000000c0000000fa0100000002010000000200
maximizedDockId: -1
centralWidgetVisible: 1
orthographicViewHeight: 1
textFiles: 0 "controllers/NMP_Controller/NMP_Controller.cpp"
consoles: Console:All:All
renderingDevicePerspectives: ROBOT_RED:camera;0;0.196094;0;0.0377953
